      gsid
0    75154
1   193067
2   902608
3    85627
4    13901
5   150407
6   161467
7    82598
8    11896
9   177256
10   49154
11   76605
12  173578
13   85914
14   75100
15  149756
16  213305
17   79758
18   69796
19   81116
20   76226
21   80791
22  152963
23  197235
24  227284
25  222946
26   25022
27   61621
28  902704
29  216587
30  901237
31   80286
32   77659
33   15579
34   16600
35  216722
36   75573
37   53065
38   84769
39   46922
40   13936
41  193155
42   91556
43   64064
44   79265
45  151048
46  176665
47   46886
48  183414
49   70500
50   16432
51   86196
52   11308
53   55976
54  188804
55   26825
56  183269
57  172890
58  905288
59   29209
60   10516
61   75607
62   16678
63   44644
64  223416
65   26403
66   59248
67   78975
68   78045
69   12490
70   40539
71  198025
72   10696
73   22293
74   66384
75   85517
76  217708
77   79145
78   85631
79   86356
80  905255
81   14593
82   85072
83  188329
84  148401
85  202271
86  194688
87   86372
88   84275
89  230958
90   59010
91  226278
92  903917
93   18163
94   46578
95   18729
96   17750
97  193324
98   53613
99  905632